10
2
2
2
2
2
2
2
2
2
2
0 25 34 42 4 14 15 1 37 27 
25 0 21 12 38 43 15 16 42 46 
34 21 0 18 22 33 17 42 6 18 
42 12 18 0 20 39 2 36 47 25 
4 38 22 20 0 20 26 39 15 22 
14 43 33 39 20 0 44 3 17 36 
15 15 17 2 26 44 0 1 45 36 
1 16 42 36 39 3 1 0 33 48 
37 42 6 47 15 17 45 33 0 42 
27 46 18 25 22 36 36 48 42 0 
